Serial connection stable
Sd card connection stable

Determing Baseline Barometric Pressure

102.55
102.54
102.54
102.54
102.55
102.54
102.54
102.54
102.54
102.54


Baseline Barometric Pressure: 1025.42



Determining Baseline Altitude

-0.20
0.05
-0.31
-0.20

Baseline Alt: -0.07
Baseline Temp: 81.10

Serial connection stable
Sd card connection stable

Determing Baseline Barometric Pressure

102.55
102.55
102.56
102.55
102.54
102.55
102.55
102.55
102.56
102.55


Baseline Barometric Pressure: 1025.50



Determining Baseline Altitude

-0.34
0.08
0.02
-0.75

Baseline Alt: -0.11
Baseline Temp: 83.48

LaunchPad

-0.18
-0.32
-0.10
-0.51
-0.68
-0.90
-0.81
-0.93
-0.63
-0.70
-0.90
-0.92
-0.69
-0.71
-0.94
-0.64
-0.99
-0.67
-0.83
-0.84
-0.51
-0.46
-0.42
-0.58
-0.74
-0.83
-0.72
-0.49
-0.45
-0.43
-0.48
-0.59
-0.44
-0.61
-0.55
-1.00
-0.56
-0.51
-0.82
-1.31
-1.19
-1.03
-1.07
-0.85
-0.96
-0.94
-0.66
-0.61
-0.68
-0.91
-0.93
-1.00
-0.97
-1.12
-0.87
-0.83
-1.12
-1.06
-1.03
-1.13
-0.90
-0.98
-0.92
-0.80
-1.17
-1.15
-1.21
-0.81
-1.16
-1.05
-1.39
-1.07
-0.75
-0.73
-1.06
-1.05
-1.26
-0.80
-1.34
-0.94
-1.05
-0.87
-1.11
-0.83
-0.97
-1.12
-1.21
-1.00
-1.05
-0.90
-0.92
-1.17
-1.23
-1.29
-1.02
-1.26
-0.97
-1.13
-1.20
-0.96
-1.10
-1.18
-1.08
-1.35
-1.42
-0.88
-1.59
-1.57
-1.24
-1.12
-1.00
-1.07
-1.11
-1.17
-0.95
-0.79
-1.16
-1.23
-1.09
-0.80
-1.15
-0.88
-1.06
-0.99
-0.88
-1.19
-0.99
-1.16
-0.95
-1.14
-1.13
-1.03
-1.14
-1.32
-1.11
-1.34
-1.03
-1.29
-1.05
-1.21
-1.48
-1.32
-0.98
-1.07
-1.11
-1.03
-1.57
-1.30
-1.66
-1.12
-1.48
-1.38
-1.04
-1.27
-1.19
-1.52
-1.37
-0.92
-0.85
-1.25
-0.98
-1.14
-1.17
-1.01
-1.25
-1.01
-1.35
-1.28
-1.34
-1.05
-1.03
-0.96
-0.94
-0.92
-0.79
-1.05
-1.19
-1.27
-1.10
-1.21
-1.20
-1.17
-1.07
-0.99
-1.18
-1.12
-1.27
-1.13
-1.26
-1.47
-1.04
-0.97
-1.14
-1.23
-0.94
-0.93
-0.90
-1.17
-1.22
-1.35
-1.11
-1.18
-1.28
-1.22
-0.84
-1.15
-1.00
-1.07
-0.88
-0.94
-1.03
-1.05
-1.11
-1.16
-0.78
-1.07
-1.42
-1.29
-1.54
-0.98
-1.11
-1.08
-1.30
-1.16
-0.89
-1.19
-1.17
-1.48
-0.94
-0.93
-0.91
-1.12
-0.89
-0.92
-1.01
-0.81
-0.96
-0.78
-0.98
-0.74
-0.95
-1.04
-0.93
-1.00
-1.00
-0.94
-0.82
-1.22
-1.14
-1.35
-1.00
-1.21
-1.05
-0.93
-0.93
-0.81
-0.95
-0.98
-1.28
-1.18
-0.90
-1.08
-1.15
-0.86
-1.16
-0.91
-0.95
-1.25
-1.01
-1.20
-0.73
-1.13
-0.73
-0.91
-0.99
-1.10
-1.27
-1.02
-1.05
-1.14
-1.25
-1.31
-1.00
-0.98
-0.90
-0.69
-1.00
-1.31
-1.17
-1.32
-0.91
-1.00
-1.25
-1.11
-1.21
-1.18
-0.97
-1.13
-0.82
-1.26
-1.37
-1.31
-1.18
-0.93
-0.73
-1.03
-1.08
-1.25
-1.55
-1.21
-1.23
-1.07
-1.15
-1.16
-1.28
-1.00
-1.17
-1.38
-1.13
-0.96
-0.86
-1.02
-1.09
-1.33
-1.27
-1.60
-1.06
-0.72
-1.08
-1.23
-1.12
-0.96
-1.03
-0.89
-1.08
-1.14
-0.97
-1.13
-0.98
-1.35
-1.35
-1.09
-0.98
-0.83
-1.11
-1.05
-1.19
-1.09
-0.96
-0.93
-0.85
-0.70
-0.78
-1.03
-0.88
-1.01
-0.93
-1.33
-1.10
-1.37
-0.99
-1.23
-1.15
-1.24
-0.94
-1.15
-0.86
-1.08
-1.09
-1.44
-1.21
-1.35
-1.37
-1.27
-1.07
-1.16
-1.46
-1.15
-1.28
-1.27
-1.58
-1.52
-1.32
-0.98
-1.12
-1.05
-1.12
-0.80
-0.82
-1.01
-1.25
-1.24
-1.33
-1.22
-1.30
-1.10
-1.23
-1.32
-1.43
-1.40
-1.18
-0.95
-1.05
-0.84
-1.20
-1.42
-1.24
-1.39
-1.31
-1.11
-1.19
-1.23
-0.99
-1.31
-1.18
-1.27
-1.14
-1.07
-1.51
-1.36
-1.36
-1.49
-1.56
-0.99
-1.01
-1.14
-1.14
-0.70
-0.58
-1.30
-0.80
-0.63
-0.74
-0.84
-1.08
-1.11
-0.73
-0.37
-0.48
-0.97
-0.57
-0.45
-0.70
-0.82
-0.73
-0.31
-0.76
-1.00
-1.00
-0.90
-1.20
-0.95
-1.32
-0.95
-0.82
-0.61
-0.75
-0.61
-0.80
-0.86
-0.69
-0.91
-1.07
-0.80
-1.26
-1.10
-0.92
-0.71
-1.07
-1.13
-0.85
-0.99
-1.06
-0.93
-0.82
-1.06
-1.23
-1.31
-1.19
-1.25
-1.12
-1.21
-1.12
-1.01
-0.74
-0.96
-0.91
-0.86
-1.40
-1.08
-1.17
-0.61
-0.72
-0.93
-1.10
-1.13
-1.14
-1.31
-0.98
-1.14
-0.71
-0.69
-1.22
-1.28
-1.46
-1.14
-0.95
-0.83
-1.01
-1.10
-1.18
-1.18
-1.15
-1.04
-0.93
-1.02
-0.91
-1.04
-0.50
-1.20
-1.21
-1.10
-1.23
-1.12
-0.86
-1.29
-0.92
-1.20
-1.00
-1.39
-1.50
-1.35
-0.43
-1.20
-1.20
-1.32
-1.15
-0.65
-0.30
-0.62
-1.01
-1.33
-1.23
-1.25
-1.16
-1.41
-1.33
-1.39
-1.44
-1.56
-1.39
-1.16
-1.14
-1.27
-0.85
-0.70
-0.88
-0.86
-1.01
-0.96
-0.75
-0.92
-0.60
-0.68
-0.85
-0.63
-0.96
-1.17
-1.25
-1.00
-0.90
-0.95
-0.83
-0.78
-0.79
-0.88
-0.74
-0.85
-1.04
-1.12
-1.13
-1.00
-1.25
-0.67
-1.14
-0.65
-0.73
-0.69
-1.05
-1.05
-0.96
-1.06
-1.01
-0.45
-1.07
-1.27
-0.93
-0.92
-0.99
-1.11
-0.45
-0.59
-0.51
-0.89
-0.75
-0.96
-1.18
-0.95
-1.00
-0.81
-1.02
-1.54
-1.43
-1.02
-1.12
-1.45
-1.30
-1.42
-0.96
-1.07
-0.90
-1.01
-1.33
-1.39
-1.25
-1.18
-1.25
-1.19
-1.52
-1.40
-1.14
-0.85
-1.32
-1.27
-0.94
-1.26
-1.27
-1.31
-1.46
-1.35
-1.49
-1.33
-1.51
-1.36
-0.97
-0.91
-1.13
-1.10
-1.18
-1.21
-1.61
-1.31
-0.91
-1.23
-1.02
-1.26
-0.97
-0.78
-0.91
-1.21
-0.93
-0.87
-1.37
-1.24
-1.19
-1.16
-1.36
-1.58
-1.05
-1.30
-1.03
-1.28
-0.84
-0.96
-1.33
-1.00
-1.09
-0.74
-1.10
-1.00
-1.05
-1.14
-0.94
-1.12
-1.37
-1.19
-1.39
-1.38
-1.43
-1.51
-0.89
-1.10
-1.15
-1.57
-1.32
-1.58
-1.47
-0.97
-1.15
-1.11
-1.33
-1.18
-1.08
-0.74
-1.30
-1.24
-1.08
-1.13
-0.85
-0.97
-1.00
-1.08
-1.12
-1.14
-1.19
-1.01
-1.30
-0.92
-1.03
-1.10
-1.25
-0.92
-0.98
-0.84
-1.11
-1.10
-1.23
-0.97
-1.03
-0.73
-0.60
-0.55
-0.70
-0.42
-0.39
-0.65
-0.63
-1.23
-0.89
-0.73
-0.73
-0.72
-0.85
-0.88
-0.89
-0.75
-1.03
-1.05
-1.12
-0.91
-0.69
-0.85
-1.15
-1.06
-1.02
-1.26
-0.99
-1.08
-0.69
-0.85
-1.03
-0.74
-0.91
-0.48
-0.68
-0.66
-0.82
-0.78
-0.55
-0.57
-0.65
-0.93
-0.75
-0.64
-0.84
-1.07
-1.09
-0.76
-0.79
-1.13
-0.84
-0.69
-0.97
-1.32
-1.40
-1.14
-1.33
-1.43
-1.58
-1.37
-1.37
-1.20
-1.07
-0.82
-0.95
-0.90
-0.88
-1.11
-0.81
-1.14
-1.09
-1.02
-1.29
-1.26
-0.86
-1.38
-1.03
-1.10
-1.08
-0.95
-0.93
-1.09
-1.29
-0.84
-1.04
-1.40
-1.27
-1.18
-1.25
-1.47
-1.59
-1.38
-1.27
-1.11
-1.37
-1.03
-0.87
-0.82
-1.53
-1.08
-1.15
-1.50
-1.30
-0.88
-0.83
-0.72
-0.69
-0.61
-0.60
-1.07
-0.76
-0.76
-1.03
-1.23
-1.29
-1.06
-1.05
-1.23
-1.09
-0.94
-0.85
-0.91
-0.96
-0.87
-1.14
-1.18
-0.98
-1.05
-0.92
-0.97
-1.12
-0.99
-0.93
-1.05
-0.84
-1.46
-1.06
-1.45
-1.17
-0.67
-1.20
-1.03
-1.07
-1.21
-1.21
-1.32
-1.14
-1.08
-0.92
-0.93
-1.14
-1.33
-0.94
-0.76
-0.87
-0.88
-0.91
-0.60
-0.68
-0.65
-1.19
-0.88
-1.12
-0.72
-1.13
-0.95
-0.86
-0.74
-0.62
-1.11
-1.08
-1.03
-1.12
-0.93
-1.00
-0.88
-0.88
-1.35
-1.29
-1.59
-1.43
-1.14
-1.18
-1.23
-0.89
-1.13
-1.47
-1.00
-1.43
-1.19
-1.18
-0.91
-1.37
-1.33
-1.45
-1.64
-1.47
-1.05
-0.78
-0.67
-0.83
-1.27
-0.78
-0.58
-0.86
-1.14
-0.96
-1.02
-1.08
-1.05
-1.13
-1.29
-1.08
-1.09
-1.06
-0.92
-0.89
-0.45
-0.80
-1.12
-0.87
-0.83
-0.85
-0.49
-0.29
-0.93
-0.94
-1.02
-1.08
-0.97
-0.63
-0.62
-0.65
-0.85
-1.23
-1.40
-1.27
-1.42
-1.14
-1.01
-0.92
-1.04
-1.02
-0.47
-1.16
-1.21
-1.43
-1.19
-1.02
-1.04
-0.93
-1.41
-1.05
-0.85
-1.05
-1.17
-0.93
-0.72
-0.82
-0.97
-0.38
-0.88
-1.00
-1.07
-1.12
-1.21
-1.17
-1.26
-1.49
-1.42
-1.49
-1.96
-1.75
-1.53
-1.26
-1.23
-1.37
-1.44
-1.33
-1.29
-1.53
-1.38
-1.72
-1.55
-1.64
-1.41
-1.45
-1.24
-1.15
-1.31
-1.41
-1.70
-1.79
-1.46
-1.49
-1.09
-1.06
-1.17
-1.71
-1.54
-1.52
-1.55
-1.72
-1.43
-1.01
-1.47
-1.72
-1.55
-0.90
-0.90
-1.41
-1.32
-1.49
-1.35
-1.12
-1.07
-1.22
-1.55
-1.68
-1.56
-1.50
-1.83
-1.50
-1.57
-1.24
-1.45
-1.45
-1.59
-1.16
-1.27
-1.57
-1.52
-1.45
-1.54
-1.17
-1.54
-1.18
-1.35
-1.22
-1.18
-1.04
-0.97
-0.81
-1.14
-1.06
-1.29
-1.12
-1.15
-1.34
-1.25
-1.32
-1.34
-1.20
-1.23
-1.36
-1.38
-1.72
-1.43
-1.37
-1.17
-1.20
-1.13
-1.13
-1.23
-1.02
-1.20
-1.09
-1.08
-1.01
-0.96
-1.32
-1.15
-1.00
-1.07
-1.49
-1.19
-1.17
-1.29
-1.47
-1.27
-1.39
-1.33
-1.43
-1.20
-1.50
-1.30
-1.25
-1.40
-1.38
-1.35
-1.47
-1.49
-1.23
-0.86
-1.16
-1.07
-1.64
-1.39
-1.65
-1.31
-1.67
-1.56
-1.27
-1.50
-1.56
-1.51
-1.45
-1.29
-1.34
-1.48
-1.42
-1.53
-1.33
-1.48
-1.55
-1.41
-1.60
-1.67
-1.61
-1.53
-1.31
-1.17
-1.15
-1.30
-1.52
-1.71
-1.31
-1.53
-1.33
-1.07
-1.51
-1.25
-1.36
-1.21
-1.28
-1.36
-1.29
-1.27
-0.78
-0.74
-0.96
-1.23
-1.32
-1.38
-0.88
-1.05
-1.08
-0.64
-0.70
-1.09
-0.81
-0.85
-0.93
-0.80
-0.95
-1.13
-1.19
-0.91
-0.72
-0.73
-0.76
-0.91
-0.80
-0.93
-1.06
-0.90
-0.60
-0.73
-0.87
-1.09
-1.28
-0.99
-1.21
-0.94
-0.75
-0.87
-1.31
-1.44
-1.27
-1.04
-1.26
-1.08
-1.18
-1.46
-1.44
-1.13
-1.35
-1.47
-1.08
-1.22
-1.19
-1.51
-1.11
-1.05
-1.32
-1.15
-1.00
-0.99
-1.30
-1.24
-1.26
-1.29
-1.22
-1.27
-1.17
-0.87
-1.21
-1.13
-1.43
-1.59
-1.24
-1.42
-1.29
-1.26
-1.14
-1.26
-1.19
-1.28
-1.43
-1.34
-1.39
-1.47
-1.43
-1.53
-1.70
-1.89
-1.65
-1.66
-1.68
-1.52
-1.36
-1.63
-1.50
-1.50
-1.57
-1.27
-1.35
-1.27
-1.13
-1.14
-1.45
-1.43
-1.73
-1.41
-1.46
-1.36
-1.36
-1.59
-1.47
-1.16
-1.48
-1.52
-1.61
-1.72
-1.93
-1.57
-1.41
-1.43
-1.51
-1.72
-1.59
-1.74
-1.59
-1.48
-1.57
-1.66
-1.92
-1.88
-1.83
-1.83
-1.41
-1.44
-1.73
-1.55
-1.28
-1.31
-1.08
-1.07
-1.47
-1.28
-1.21
-1.27
-1.49
-1.13
-1.18
-0.97
-1.56
-1.45
-1.89
-1.87
-1.54
-1.48
-1.19
-1.46
-1.43
-1.18
-1.37
-1.66
-1.49
-1.51
-1.38
-1.65
-1.06
-1.11
-1.04
-1.02
-0.65
-0.65
-0.79
-1.19
-1.22
-1.22
-1.31
-1.51
-1.32
-1.52
-1.26
-1.24
-1.39
-1.27
-1.17
-1.18
-1.02
-0.99
-1.20
-1.27
-1.37
-1.12
-0.93
-0.90
-0.72
-1.21
-1.13
-1.24
-0.92
-0.86
-0.67
-1.05
-1.07
-1.30
-1.23
-1.23
-1.24
-0.94
-1.22
-1.08
-0.90
-1.20
-1.41
-1.15
-1.02
-1.07
-1.20
-1.05
-0.77
-0.86
-1.09
-1.15
-1.38
-1.45
-1.60
-1.44
-1.44
-1.56
-1.42
-1.02
-1.27
-1.10
-0.88
-1.00
-1.45
-1.15
-1.54
-1.41
-1.70
-1.88
-1.29
-1.53
-1.35
-1.59
-1.26
-1.23
-1.46
-1.29
-1.26
-1.15
-1.21
-1.17
-0.83
-1.06
-1.05
-1.36
-1.18
-1.28
-1.31
-1.30
-0.95
-1.15
-1.21
-1.09
-1.31
-1.56
-1.33
-1.18
-0.96
-1.44
-1.41
-1.04
-1.25
-1.24
-1.07
-1.17
-1.15
-1.46
-1.41
-1.33
-1.63
-1.28
-1.10
-1.10
-1.16
-1.23
-1.09
-1.25
-1.37
-1.53
-1.19
-1.34
-1.16
-1.34
-1.47
-1.47
-1.42
-0.96
-1.44
-1.20
-1.01
-1.01
-0.79
-0.91
-1.22
-1.15
-1.17
-1.41
-1.39
-1.50
-1.43
-1.03
-1.10
-1.29
-1.20
-1.33
-1.40
-1.24
-1.24
-1.20
-1.16
-1.04
-1.35
-1.15
-1.30
-1.26
-0.84
-1.14
-1.23
-1.49
-1.31
-1.39
-1.30
-1.33
-1.55
-1.41
-1.17
-1.29
-1.01
-1.35
-1.47
-1.49
-1.05
-1.22
-1.36
-1.39
-1.19
-1.25
-1.00
-1.10
-1.07
-1.02
-0.88
-1.52
-1.23
-1.01
-0.96
-1.17
-1.27
-1.06
-1.25
-1.35
-1.26
-1.11
-1.42
-1.57
-1.76
-1.39
-1.58
-1.60
-1.21
-1.26
-1.47
-1.61
-1.62
-1.41
-1.36
-1.29
-1.41
-1.49
-1.57
-1.49
-1.27
-1.55
-1.61
-1.51
-1.28
-1.50
-1.44
-1.45
-1.08
-1.50
-1.56
-1.70
-1.36
-1.69
-1.26
-1.40
-1.42
-1.10
-1.43
-1.55
-1.43
-1.61
-1.73
-1.63
-1.60
-1.57
-1.70
-1.54
-1.47
-1.37
-1.30
-1.17
-1.31
-1.39
-1.56
-1.38
-1.22
-1.49
-1.11
-1.21
-1.10
-1.49
-1.29
-1.03
-1.31
-1.50
-1.24
-1.26
-1.54
-1.17
-1.29
-1.46
-1.23
-1.04
-1.35
-0.96
-0.89
-1.06
-1.03
-1.12
-1.17
-1.13
-1.14
-1.12
-1.23
-1.23
-1.41
-1.43
-0.89
-1.11
-1.08
-0.63
-1.03
-1.25
-1.57
-1.56
-1.29
-1.33
-1.21
-1.10
-1.23
-1.37
-1.44
-1.49
-1.32
-0.88
-1.03
-0.99
-1.35
-1.06
-1.53
-1.27
-0.90
-1.10
-1.42
-1.30
-1.31
-0.93
-1.31
-1.28
-1.35
-1.27
-1.55
-1.73
-1.17
-1.32
-1.38
-1.28
-1.57
-1.27
-1.48
-1.44
-1.24
-1.52
-1.17
-1.07
-0.95
-1.28
-1.19
-1.51
-1.28
-1.19
-0.97
-1.17
-1.43
-1.37
-1.23
-1.44
-1.44
-1.40
-1.33
-1.16
-1.11
-0.82
-1.26
-1.20
-1.30
-1.33
-1.07
-1.07
-0.84
-0.97
-0.83
-1.02
-0.79
-1.16
-1.03
-0.85
-1.27
-1.23
-1.35
-1.23
-0.94
-1.09
-1.29
-1.09
-0.87
-0.75
-0.94
-0.87
-1.12
-1.59
-0.91
-0.96
-0.87
-1.08
-1.08
-1.01
-1.21
-1.30
-1.36
-1.24
-1.17
-1.50
-1.15
-1.34
-1.25
-1.07
-1.37
-1.43
-1.59
-1.26
-1.78
-1.61
-1.43
-1.46
-1.59
-1.56
-1.57
-1.68
-1.69
-1.70
-1.35
-1.43
-1.33
-1.37
-1.19
-1.41
-1.55
-1.47
-1.35
-1.18
-1.50
-1.27
-1.25
-1.54
-1.48
-1.65
-1.35
-1.29
-1.42
-1.45
-1.51
-1.47
-1.39
-1.54
-1.26
-1.41
-1.30
-1.23
-1.19
-0.96
-1.14
-0.69
-1.11
-1.05
-0.94
-1.04
-1.17
-1.19
-1.43
-1.14
-1.28
-1.36
-1.03
-1.11
-1.40
-1.46
-1.25
-1.07
-1.14
-1.40
-1.35
-1.68
-1.74
-1.44
-1.71
-1.34
-1.76
-1.62
-1.70
-1.64
-1.29
-1.23
-1.48
-1.95
-1.71
-1.51
-1.47
-1.82
-1.58
-1.40
-1.19
-1.31
-1.38
-1.32
-1.52
-1.57
-1.73
-1.58
-1.67
-1.78
-1.43
-1.65
-1.61
-1.21
-1.67
-1.43
-1.43
-1.48
-1.75
-1.74
-1.64
-2.04
-1.75
-1.87
-1.88
-1.87
-1.54
-1.45
-1.62
-1.52
-1.77
-1.79
-1.66
-1.54
-1.65
-1.28
-1.30
-1.41
-1.06
-1.20
-1.25
-1.21
-0.97
-1.30
-1.25
-1.22
-1.45
-1.02
-1.51
-1.56
-1.85
-2.08
-1.79
-1.28
-1.68
-1.75
-1.47
-1.44
-1.51
-1.51
-1.26
-1.39
-1.44
-1.49
-1.59
-1.59
-1.29
-1.63
-1.65
-1.50
-1.69
-1.32
-1.49
-1.72
-1.76
-1.61
-1.78
-1.67
-1.94
-1.69
-1.90
-1.53
-1.49
-1.45
-1.61
-1.35
-1.39
-1.70
-1.52
-1.45
-1.37
-1.39
-1.54
-1.75
-1.39
-1.86
-1.71
-1.33
-1.61
-1.42
-1.60
-1.65
-1.64
-1.73
-1.59
-1.62
-1.44
-1.49
-1.49
-1.78
-1.71
-1.52
-1.41
-1.53
-1.76
-1.75
-1.67
-1.64
-1.79
-1.74
-1.39
-1.42
-1.78
-1.90
-1.81
-1.75
-1.99
-1.77
-1.80
-1.50
-1.67
-1.72
-1.95
-1.76
-2.11
-1.64
-1.74
-1.71
-1.57
-1.88
-1.62
-2.12
-1.77
-1.60
-1.54
-1.52
-1.67
-1.51
-1.37
-1.55
-1.65
-1.70
-1.65
-1.46
-1.67
-1.76
-1.75
-1.65
-1.62
-1.70
-1.87
-1.63
-1.81
-1.93
-1.82
-1.75
-1.57
-1.82
-1.87
-1.86
-1.99
-2.26
-1.83
-1.96
-1.74
-1.88
-1.84
-1.95
-1.91
-2.03
-2.07
-2.06
-1.93
-1.72
-2.05
-2.14
-2.08
-2.01
-1.89
-1.79
-1.90
-1.83
-2.07
-2.19
-1.76
-1.90
-1.62
-1.92
-2.02
-1.70
-1.99
-1.83
-1.58
-1.37
-1.29
-1.52
-1.26
-1.20
-1.41
-1.30
-0.97
-1.07
-1.41
-1.53
-1.31
-1.43
-1.50
-1.15
-0.91
-1.42
-1.61
-1.21
-1.37
-1.34
-1.12
-1.45
-1.68
-1.28
-1.63
-1.20
-1.46
-1.54
-1.48
-1.29
-1.16
-1.23
-1.35
-1.39
-1.46
-1.13
-1.54
-1.41
-1.47
-1.69
-1.52
-1.68
-1.88
-1.98
-1.91
-1.63
-1.52
-1.39
-1.42
-1.21
-1.53
-1.91
-1.63
-1.63
-1.65
-1.59
-1.67
-1.39
-1.43
-1.58
-1.48
-1.46
-1.52
-1.55
-1.54
-1.32
-1.53
-1.65
-1.66
-1.70
-1.56
-1.75
-1.74
-1.47
-1.66
-1.19
-1.55
-1.39
-1.56
-1.52
-1.23
-1.15
-1.52
-2.01
-1.19
-1.35
-1.32
-0.91
-1.40
-1.40
-1.55
-1.18
-1.08
-1.20
-1.43
-1.55
-2.20
-1.95
-1.68
-1.72
-1.73
-1.84
-1.77
-1.34
-1.73
-1.67
-1.83
-1.73
-1.66
-1.94
-2.11
-1.59
-1.52
-1.77
-1.66
-1.98
-1.45
-1.55
-1.76
-1.72
-2.05
-2.14
-1.74
-1.95
-1.81
-1.80
-2.13
-2.06
-1.53
-1.66
-1.84
-1.92
-2.09
-1.91
-2.06
-2.15
-2.00
-1.72
-1.97
-1.89
-1.86
-1.80
-1.89
-1.83
-1.71
-1.85
-1.81
-1.77
-1.72
-1.90
-1.77
-1.78
-1.83
-1.78
-1.83
-1.73
-1.70
-1.86
-2.02
-1.74
-1.64
-1.79
-1.78
-1.83
-1.83
-1.84
-1.61
-1.96
-1.54
-1.54
-1.99
-1.90
-2.17
-1.95
-1.96
-1.95
-2.07
-1.78
-2.16
-1.82
-1.47
-1.41
-1.73
-1.71
-1.79
-1.85
-1.76
-1.91
-1.90
-1.96
-1.64
-1.52
-1.62
-1.65
-1.49
-1.61
-1.59
-1.88
-1.74
-1.69
-2.02
-2.07
-2.63
-2.09
-1.77
-2.16
-2.10
-1.99
-1.85
-1.71
-1.95
-2.09
-1.88
-1.79
-2.01
-1.57
-1.75
-2.28
-2.26
-2.37
-2.16
-1.88
-1.66
-2.26
-2.15
-1.94
-1.67
-2.14
-1.82
-1.99
-1.80
-1.76
-2.14
-1.93
-1.76
-2.18
-2.17
-2.09
-1.75
-2.01
-1.96
-1.96
-1.75
-1.77
-1.88
-1.79
-1.82
-1.72
-1.30
-1.41
-1.36
-1.91
-1.97
-1.91
-1.86
-1.61
-1.79
-1.99
-2.06
-2.00
-1.73
-2.22
-2.10
-1.91
-1.64
-1.85
-1.87
-1.51
-1.74
-1.93
-1.48
-1.67
-1.52
-1.45
-1.56
-1.63
-1.63
-1.47
-1.79
-1.48
-1.65
-1.78
-1.60
-1.41
-1.38
-1.56
-1.72
-1.78
-1.38
-1.53
-1.79
-1.71
-1.90
-1.77
-1.78
-1.79
-1.65
-1.55
-1.72
-1.82
-1.69
-1.31
-1.33
-1.20
-1.30
-1.48
-1.66
-1.84
-1.61
-1.49
-1.48
-1.79
-1.45
-1.61
-1.69
-1.72
-1.83
-1.55
-1.86
-1.76
-1.62
-1.52
-1.77
-1.50
-1.39
-1.57
-1.62
-1.64
-1.64
-1.86
-1.59
-1.62
-1.59
-1.74
-1.38
-1.46
-1.39
-1.74
-1.58
-1.61
-1.37
-1.55
-1.48
-1.31
-1.52
-1.46
-1.75
-1.75
-1.82
-1.48
-1.93
-1.55
-1.42
-1.45
-1.57
-1.74
-1.70
-1.76
-1.75
-1.80
-1.60
-1.55
-1.79
-1.28
-1.56
-1.54
-1.59
-1.55
-1.62
-1.92
-1.65
-1.77
-1.74
-1.75
-1.61
-1.62
-2.09
-1.82
-1.84
-1.75
-1.68
-1.76
-1.45
-1.68
-1.68
-1.65
-1.48
-1.34
-1.83
-1.66
-1.65
-1.56
-1.32
-1.12
-1.33
-1.61
-1.42
-1.55
-1.88
-1.87
-1.85
-1.85
-1.92
-2.20
-2.17
-1.96
-1.88
-1.85
-1.60
-1.87
-1.62
-1.38
-1.51
-1.87
-1.79
-1.88
-1.87
-1.88
-2.18
-1.69
-1.56
-1.70
-1.80
-1.39
-1.57
-1.54
-1.40
-1.62
-1.52
-1.85
-1.61
-1.55
-1.38
-1.92
-1.72
-2.09
-1.79
-1.81
-1.94
-2.05
-2.25
-2.11
-2.11
-2.03
-2.22
-2.05
-1.88
-1.94
-2.07
-2.17
-1.68
-1.77
-1.79
-1.78
-1.67
-1.84
-1.67
-1.65
-1.77
-1.73
-1.67
-1.43
-1.27
-1.56
-1.88
-1.78
-1.64
-1.72
-1.64
-2.01
-1.65
-1.65
-1.53
-1.62
-1.77
-1.31
-1.50
-1.62
-1.63
-1.75
-1.92
-1.48
-1.55
-1.63
-1.76
-1.57
-1.60
-1.34
-1.41
-1.59
-1.67
-1.69
-1.89
-1.74
-1.66
-1.68
-1.66
-1.62
-1.52
-1.72
-1.48
-1.54
-1.35
-1.59
-1.57
-1.37
-1.47
-1.84
-1.66
-1.45
-1.64
-1.85
-1.94
-1.96
-1.93
-1.87
-1.86
-1.90
-1.80
-1.54
-1.66
-1.60
-1.68
-1.79
-1.82
-2.02
-2.14
-1.73
-1.95
-2.04
-1.81
-1.76
-1.64
-1.46
-1.64
-1.57
-1.87
-1.90
-1.41
-1.53
-1.71
-1.37
-1.61
-1.68
-2.09
-2.02
-2.17
-2.01
-1.79
-1.80
-1.66
-2.02
-1.73
-1.84
-2.06
-1.93
-2.14
-2.18
-1.93
-2.39
-2.13
-2.03
-2.33
-2.10
-1.85
-2.10
-1.95
-2.09
-1.71
-1.84
-1.99
-1.69
-1.87
-1.86
-1.78
-1.57
-1.73
-1.56
-2.14
-1.62
-1.44
-1.43
-2.00
-1.94
-1.97
-1.79
-1.69
-1.45
-1.51
-1.77
-1.79
-2.04
-1.94
-1.85
-1.72
-1.98
-1.78
-1.89
-1.68
-1.65
-1.59
-1.63
-1.65
-1.81
-1.63
-1.96
-1.96
-1.94
-2.14
-1.84
-1.75
-1.78
-2.05
-1.92
-1.99
-1.53
-1.65
-1.90
-1.75
-1.63
-1.67
-1.77
-1.70
-1.93
-2.26
-1.83
-1.71
-1.77
-1.81
-1.26
-1.55
-1.50
-1.54
-1.84
-1.56
-1.61
-1.34
-1.51
-1.40
-1.31
-1.51
-1.33
-1.78
-1.72
-1.84
-1.66
-1.63
-1.85
-1.55
-1.35
-1.32
-1.39
-1.50
-1.67
-1.94
-1.58
-1.66
-1.45
-1.33
-1.48
-1.48
-1.68
-1.50
-1.69
-1.47
-1.19
-1.61
-1.27
-1.49
-1.29
-1.44
-1.48
-1.20
-1.38
-1.58
-1.37
-1.47
-1.36
-1.24
-1.57
-1.09
-1.26
-1.43
-1.09
-1.02
-1.07
-1.10
-1.29
-1.21
-1.52
-1.64
-1.71
-1.50
-1.64
-1.60
-1.49
-1.96
-1.56
-1.70
-1.80
-1.83
-2.01
-1.91
-1.98
-2.05
-1.89
-2.06
-1.83
-1.77
-1.82
-1.87
-1.94
-1.75
-1.64
-1.86
-2.00
-2.10
-2.12
-2.02
-1.50
-1.70
-1.35
-1.62
-1.70
-1.75
-1.89
-1.71
-1.63
-1.95
-1.78
-1.58
-1.39
-1.64
-1.57
-1.51
-1.62
-1.92
-1.90
-1.59
-1.73
-1.90
-1.77
-1.74
-1.66
-1.91
-1.57
-1.65
-1.34
-1.73
-2.05
-1.75
-1.61
-1.71
-1.76
-1.64
-1.83
-1.50
-1.32
-1.50
-1.81
-1.92
-1.74
-1.67
-1.57
-1.61
-1.56
-1.48
-1.71
-1.73
-1.64
-1.87
-1.94
-2.03
-2.03
-1.73
-1.79
-1.95
-1.95
-2.21
-2.07
-2.02
-1.95
-1.56
-1.55
-1.84
-1.96
-1.63
-1.73
-1.73
-2.02
-1.74
-1.51
-1.76
-1.84
-1.68
-1.87
-1.93
-1.88
-2.11
-1.93
-1.66
-1.78
-2.12
-2.03
-2.21
-1.87
-2.13
-1.98
-2.15
-1.95
-2.17
-1.89
-1.92
-2.06
-2.24
-2.08
-2.15
-2.23
-2.22
-1.88
-1.98
-1.75
-1.81
-1.96
-1.82
-2.03
-1.74
-1.95
-1.74
-1.32
-1.48
-1.42
-1.65
-1.94
-1.93
-1.94
-1.63
-1.54
-1.99
-1.66
-1.93
-1.55
-1.63
-1.47
-1.67
-1.69
-1.39
-1.63
-1.58
-1.33
-1.75
-1.60
-1.75
-2.02
-1.97
-1.86
-2.03
-2.00
-1.98
-1.61
-1.46
-1.53
-1.84
-1.57
-1.73
-1.92
-1.79
-1.79
-1.77
-1.65
-1.72
-1.71
-1.90
-2.09
-1.74
-1.61
-1.55
-1.55
-1.90
-2.03
-1.43
-1.67
-1.69
-1.51
-1.83
-1.73
-1.33
-1.70
-1.90
-1.74
-1.81
-1.89
-2.01
-1.86
-2.07
-1.64
-1.59
-1.69
-1.89
-1.52
-1.80
-1.81
-1.85
-1.89
-1.86
-1.73
-1.85
-1.67
-1.50
-1.93
-1.26
-1.52
-1.59
-1.80
-1.71
-1.94
-1.39
-1.65
-1.48
-1.48
-1.63
-1.35
-1.22
-1.26
-1.25
-1.42
-1.69
-1.61
-1.58
-1.97
-2.01
-1.91
-1.95
-1.48
-1.59
-1.81
-1.65
-1.70
-1.92
-1.84
-1.98
-1.97
-1.81
-1.84
-1.51
-1.69
-1.69
-1.65
-2.04
-2.11
-2.24
-1.95
-2.10
-1.76
-1.88
-1.91
-2.01
-2.11
-2.04
-2.10
-2.16
-1.93
-1.81
-1.94
-2.07
-2.10
-1.94
-1.88
-1.74
-1.96
-1.78
-1.84
-1.80
-1.98
-1.76
-1.56
-1.93
-2.12
-2.00
-1.86
-2.05
-2.20
-2.22
-2.24
-2.20
-2.38
